93191282772733
35414879296175
42605125880957
46821397467189
84732106790873
17731452302933
17654040869842
34024472335486

88252816077177
84525963241483
74814118816921
67025819258162
30189101355933
64409432307443
08850685289898
30124783487406

92898060110122
25484619093815
40375805667951
43628291481969
64120873197612
81128452750422
81354747639640
24704410225463

89070512075653
64468729291841
02766123236701
16785982458306
54223910063078
75012551070944
78781733196294
15820058944470

20543440417662
52156502435945
13203830712979
38778268170697
90490926796008
56497314150267
51521978508734
09367548013329

72968992913667
57156527985925
18728082317434
80330760132643
42942476346220
56943809152047
51691487520139
24863590218874

14221225298601
51906053210245
92351715893487
23887367970448
74245436426043
53248172960108
59069721608126
47208563094417

37942998971663
43246413984914
28318081723575
80770360271657
51951536756110
46957809241053
42692583410279
15867490128835

31009001081663
53856513095035
89319492867472
94483713682127
27042492149510
02048960652767
21720533514790
68364724189932

91663661664709
59750519635695
73913832704842
38879419072124
24682832183516
62687306052404
21426599518436
07908428173392

85958112106968
58759527185125
70820302178414
03113863712641
42942486146523
56941039735248
57695372309109
44061593270084

73819886893557
17315167821869
39729026597434
90660750936546
42842475345160
15842908901647
13558416028325
24902180239274

76219223296557
17615128281239
69789072597464
90330763963543
48248475645130
18248901901347
16552413082685
84908120869874

45378339385774
14517194321398
58428029784656
80990459859765
62362647567190
12363801801964
15773419023527
26802130258246

47981993997264
84782648968931
71461034214575
10330874173253
56956542752830
86956108108354
87229564069762
65103399371645

09594116152970
10914130571538
98078273480696
82332097893463
67567604964166
14568021821329
19464215205974
71827455768706

47586541266834
97923814578516
96416079364208
60120491691382
27592643823129
07592508705797
86339254015478
71608833398642

79511513422167
89846137591532
82792098627401
20340783283614
49584276147398
09584501905986
12668457035791
93201166681274

84911917422158
64635178941972
62842046528301
20730867267513
34963285135736
04963901409465
12556398029841
47201155761283

46962941388624
35732614956918
78418057284301
80130471871263
35973842632137
05972906509572
68224394019456
51806679276843

16447412388671
35937621456128
98158059781302
60230192892763
35493817637239
35496407304597
38671341024156
72806694796813

19885716338951
34235961749168
28148042581306
90630126826593
44723812935632
34725709907425
38951371067149
56809924529813

17669612322799
33539721647128
88148045981302
70230152852973
34653819739235
34659607406459
38791361028147
92807756957813

13997912822377
85487321953124
64154056741832
30280162462738
85968417387286
85967903509567
84371891024153
72403369763418

19885716338951
34235961749168
28148042581306
90630126826593
44723812935632
34725709900425
38951371067149
56809924529813

17889613278791
24529731647138
58148045981203
70320153853972
44652815729395
24659607706457
28791271066142
93807724429812

16457412869677
81547621434129
59139035791802
60280152952768
83458917687285
83418406304357
81681841028136
79906644756918

12880810953044
95794201852107
77157356471922
53093160760429
95869714294096
75864832538564
64241981306152
41432268462719

33697152130375
10487325603628
48508904785193
39219542842731
10641817317214
10637695096047
28975165926803
62881544763559

43091142137392
17589324073028
58478671984163
36216459852931
17051846019215
17039071660759
28664105620871
32861451551446

81252489417229
47362198071046
36876573268851
15945839639214
47034682142943
47012091750732
96528503590671
19654438231895

91054798713448
73264189031076
26936532469951
15875928628417
73027694174872
73014081350324
86549502580631
18657729431985

91474798715008
75360189451476
36956253069921
12872938638017
75437690170873
75410481524531
86209243284650
18627739031912

91636598517228
57342189671654
34974073249901
10850938438215
57635492152853
57612681705731
84029063086472
18405539231910

91439798714008
74260189541576
26946342069931
13873928628017
74527690170872
74510581435420
86309352385641
18753729041083

91474798710558
70235189401473
23903602539961
16876928328517
70427395175872
70415481067021
83659642684305
18367729521956

41272708714558
74365189241276
36946043569901
10870938638517
74237695175873
74215281402431
86059023081256
18649739537906

91474798710558
70235189401473
23903602539961
16876928328517
70427395175872
70415481067021
83659642684305
18367729591956

91606098013448
03254189631605
25935732459971
17807928528410
73620584104802
63614681370321
85749762786534
18530029421974

91464598513228
53642189431450
60930736209971
17857968068215
63465082152856
53412481375361
80729746784032
19075569251917

91282597513447
53864179231256
86936038469901
10750987687415
53285674154758
53214271305381
76049028072634
17630589471910

91279490412660
42836109521543
83923728639971
17047980380614
42584306146048
42516501275286
03769758702351
10457489621937

31080847813557
83625179031082
62932436529941
14784967267518
83068295185786
83015071340361
72459406471052
17239869568922

91364893815773
85647139451480
60950256709921
12382963063718
65468037187386
85417431528561
30279246234057
19028869781912

91565890817220
87632109571583
63973476239941
14084960360218
87568302182086
87512501748761
93429456405372
10374869241914

31282867813557
83045179231284
04934630549961
16786909407518
83208495185780
83215271362301
74659620671254
17439809508944

91727294216004
26850149761725
85965368059931
13423984584012
26782590120428
56710741632681
45309378347560
14532289091903

91373685614223
64702159341360
70940841209981
18568974075216
64376092162567
64312351483471
50825837851340
15049679276902

31282867813557
83035179231284
04934630549961
16786909407518
83208495185780
83215271362301
74659620671254
17439809598943

61272715716335
76403159261270
40960864309981
18578945045317
86247093173574
96213251687641
50839824852063
15067749321983

01646418410558
40325189601642
32902703529971
17847936238514
70634295145843
90615681074031
82759763787205
11204439561975

51323214215664
25806149351320
80950758609971
17427983084612
75382096126428
95316341572581
40769738747056
11052289631976

21494915912335
92703156421490
70620827306681
18598675075319
82479063193597
62413451289271
50836847858023
15029976341683

61353514516224
56982140361358
98068769280071
17457093894215
76395802152459
06312341675691
48720739747862
11865590231072

31656508513228
53732184631659
79439037294401
10850474978215
53675942152857
53612681306371
89027067081529
18934574245490

61434318316228
36502189461430
50960765209971
17837958058213
76453092132835
96412481673651
80729745787062
18063359241972

61353519516229
56082197361358
08768460287741
14954703809215
46305872152950
76312391645601
98427430494862
11865507231742

01959517510227
50862174901956
86406308264431
13753482687215
30985642152758
40912971035081
76324398379602
17635584291432

91762615619225
69312554791760
30490893204481
18568435035216
89736042162563
49712751986531
50824873857092
15096634271792

01686817810227
80592174601689
59409305294431
13783452957218
30658942182785
40612671038051
79324365376902
17938854261436

01585817810227
80952174501586
96406309264431
13783492697218
30598642182789
40512571038091
76324359375602
17638894251435

81962615618255
68312554981960
30480783204471
17567435035216
78936042162563
48912951876531
50724793759082
15086634291982

51909017015227
05612573951904
64354856243381
18708367467210
85960432102706
35912971580561
74823896879452
17450063221930

01686817810227
80562174601689
59409305294430
13783452957218
30658942182785
40612671038051
79324365376902
17938854261436

91862617619224
69412793891860
40390594203351
15765347047216
59846032162764
39812871956741
70523584578092
17096643281826

41909018014228
04512487941903
53743645237761
16806758358210
64950372102805
74912981460451
83627695689362
18340057221930

06475230986652
71390124817823
72936917021961
36482230239708
31648385705402
82153157164136
58979624618553
04724342039240

88298124926133
15321540852899
47047653170067
96496031734123
45239701291493
54821842569531
27615683648756
06709530182379

30994021927661
77826714072095
25415378654432
53193481581627
27089546296198
79026012739784
45364308310532
84571438692053

