56929297687814
26273314915422
23168986473120
40160867134798
59407231799831
34965456789784
38751816823101
69027856301094

91868047347264
61670650223065
60512957614563
43517814912882
38437063811705
04819026839124
02795251265382
19367231983642

96828262731311
26270034465022
20163928104125
45167836592803
95457022931781
04879021879121
03791416325380
68527356981135

91858043343254
51530560487022
54612963504526
47613819617887
98473052973105
04812025489419
02396961226326
18753277915576

47292013313691
97930980135066
91872423901968
15873274875255
02153096453709
41274069124174
06348687668368
72539655479958

97818043242014
17125560480538
14673963154136
40672819610880
95402052902751
84879025489479
53193567336236
79022300971106

74232085687630
32360310125088
37149716408391
85146247145125
72856039756403
08257193806847
09679014021691
96536955743351

04881932236214
18129159787933
13546052193165
37542840547587
08379916072491
39840861380340
96206954655265
67212677041175

04881932236213
18129159787943
13547052193165
37542840547587
08372916072491
93840561380340
96206954655265
67212677011175

04919537670615
17165185693577
79842086157128
13836140843893
09746592036451
57940821790740
52602534208128
26316233841638

95900632013291
61024484275414
01867582941978
93862065843803
50132497532649
41065879105165
47257446788978
72392733569238

59419632005710
10126186213600
90847582960170
30842945843893
59136217532461
60945871095045
67257634788178
72312733541238

91100577047314
54038828369848
04266923184162
91753059287207
70473416973581
84059711409459
86396085622162
63713677951372

11599366986528
08954474510484
98731075248218
67235903746796
39865821065342
48930712890830
42501943472717
15625166305267

17760744394614
40008820653848
41279526128192
13276075843203
50436819536781
84065219405475
89759083922192
96316937571632

95966211281598
28650070573080
86497375908978
14225623401461
36815897315209
08634479863823
07532012049574
52195701324914

99866211671897
27680050834070
75523458907937
75928624501561
46318793418209
03624539764724
81943612059835
01788301425915

55899210971857
27980061834070
75623468507537
16521924601691
49718753418205
07924635794724
83543912065836
03188301426516

88955210571487
27590061939070
78623469807837
16821524601651
45719783419208
07524638754724
93843512068936
03199301426816

88955211571987
27590060934070
78623469807337
16891524601658
45712783419201
07524638754724
93843512068936
03199301426816

33355819571257
87590061949070
73684269307347
16381582601651
25719734219803
07582643752782
94324518023946
04199401206316

85955213571987
27890061934070
78623469087337
16821524601658
45719783419201
07524638754724
93843512068936
03199101426816

95608508541377
19017037198671
63261841679849
62558054273203
10931268431576
79012986904954
78144735726382
55367173243611

05700502659272
11462969758452
49327687421861
93526058321309
70197146898528
21082364107154
26745691234913
67784329389477

85955213571987
27890061954070
71623469087337
16521524601658
45719783419201
07524638054724
93843512768936
03199101426816

09126925943316
30236286305164
18713543160540
17995294768728
32083715473961
60247251024094
65119689671857
99846368758133

85955213571987
27890061954070
71623469087337
16521524601658
45719783419201
07524638054324
93843512768976
03199101426816

06128925643319
30238298305184
19713543180540
17665264789729
32093715493681
80247251024064
85116896871953
66948389759131

42342456309925
41604179238653
68795382421801
97359432751749
24102160898358
01485706142163
05263390576217
52276115789938

59228082586589
15411563190814
46743801340889
47886230736753
12951748961521
39217984920980
36105315744627
55843653406411

36141607693014
31034954327149
25863703412792
18617069845805
40235817853641
32098271209269
67519456481578
64364365875133

02151263260715
01705685043156
48920378154364
19213726958978
57408913680251
34769431476426
20816582591839
95025028938100

06191652150819
01809529043195
42760380194354
17613865792782
98402713520691
94857431485465
63215926971237
69069062732100

08151892190715
01705925064159
62380470156496
13814789352372
57602314920851
56793641679689
84219528531243
85085082342100

06181652150418
01408528093185
92760340189359
17613465782742
84902713520681
89457931945965
63215826871237
68068062732100

28161273178416
51486736850167
83928048165075
19210427963943
64583910738271
65479501547527
20317632691309
26226823903188

73181385307418
71478028795180
92637542189509
16315430682642
84972615027381
59406951940930
37210823861256
68738732652177

67191780736519
61569329680193
82476052198038
14710573492452
95862410326791
08534801953873
76213927841204
49679672402166

08191852150619
71609529074195
02380460197457
13814685392369
96702314520821
97653741765785
84215928931243
89089082342100

73181385907418
71478028795180
92637542189509
16315430682642
84972615027381
59406951840930
37210823961256
68738732652177

78161557837916
71976326750163
52487092165035
64810983462492
19572410327861
75934501593583
80213628641204
46786782462177

80141043978314
81384724895147
92608532149579
16015307642632
43982615728041
59376951437907
08217420961256
64804802652188

93161339749816
71896426935164
92079582163543
90715874062082
18392015429761
93840351384374
75214627601250
06976972062199

73161338858916
81986526830165
82478092163053
64710975462492
19382410528761
83954301395375
70215627641204
46878872462188

85131537508713
81783023896130
92458672139609
14516750432472
37982416028531
69704961370950
58210325941264
43856852462188

83141972175319
51854724586178
52095635148645
10916397042034
43852016725921
48370831837897
96217429401260
44589592062155

67101668958917
81980520863105
82478392106356
04713975402492
19682413528701
86954631695675
73215027041234
40878872402187

81931802303713
41743028494132
42684574319509
16815780632673
37942615024821
29706951970980
85210328361256
73483482652144

30161338978910
81986725835167
82408592163578
64015907462492
19382415728061
83974351397307
05217620641254
46808802462180

54191445508718
81789028864190
82358672194604
13516750392372
97482316028591
84703461470450
36210925931263
79859852362188

35181330940195
01908427037184
02650792183740
86517954682692
19302617420581
03946371394354
57214825861276
68050052682105

71941702404314
81384027898142
82678538419509
16715370642634
43982615028721
29306951930970
75210427461256
34847872652188

73171942185316
01257427508145
02695835170870
16918394672637
53052618425912
40346631034094
98214729761286
67505592682157

35181330940195
01900427037184
02658792183740
86517954682692
19302617420581
03946371394354
57214825861276
88050052682105

33896853105364
41409519073296
82160240287250
98632463991481
04701835715693
27458724560762
69135963823125
91370211009334

17986327283241
04811631036710
43270580460959
12705879213283
98643245936714
56892654650971
02100137184392
25544313713824

32054127321598
89533412814735
91278658948061
32786570231258
85491296064736
04502469418079
03683317350102
32968801391623

63364521348953
06246473427546
49581798901203
89310921562179
67934032659642
45768453783082
31021571801238
98304352452144

89547093423519
49130730247861
64319285068027
50822941531594
15983602792431
41796317648742
63452156360170
86487245839050

89547093423519
49130730247861
64319285068027
50822941531594
15983602792431
41796317648742
63452156360170
64887245839050

49730925573460
51951874104387
26842701062518
60326052385264
57091695830973
23784139749132
13650452472812
46967985168945

28069712817783
24724106403813
39135034695241
36859625812593
20674972186708
48013487037486
85926325305149
33297666499519

28069712817783
24724106403813
39135034695241
36859625812593
20674972186708
48013487037486
85926325305149
33297666499519

53709942146875
13913478308643
60482703052134
05625012641258
17903591460976
36748369789362
62519812852450
89458771372547

45850974679961
42942785281628
10713812503477
15630543674301
48592094765986
26871269819269
63045143183725
11409555200370

45850974679961
42942785281628
10713812503477
15630543674301
48592094765986
26871269819269
63045143183725
11409555200370