49730925573460
51951874104387
26842701062518
60326052385264
57091695830973
23784139749132
13650452472812
46967985168945

77561692010717
24624957451095
28913514783249
17038723092381
25764862907650
40591406516406
03827123153947
11286577488973

96174853257767
21821579109651
60593701043215
04634023652349
27801482560876
16759168798162
73428923943540
66540772174354

65544088321931
38213013257391
84096574978269
97508140614006
36723812563118
51432671287259
12985403390567
89751945549360

51389560468312
45945630180163
97602385572456
58127842164270
43895794618937
51360519309518
12748042032601
29179324577837

19740925574160
53953871301487
26812703062538
60426052485261
57093695840974
24781349719342
34650152172832
16967985368915

43961054850025
43043596392853
21527923617436
26871647854712
49603104586098
38952380920389
28146247217517
72416086155714

29367850250379
91821536139056
97594391674215
46047624052479
23681782506830
14359108398106
00726924934519
86078662177458

42197650250177
43683519318059
87524183974235
89047924052478
21963762509610
34158306186309
00729824814538
69876992377514

87364530230898
95526379678037
84381786941263
19014921032148
27956452309570
91738605785601
50429822871364
62945911644234

58347593409736
01372169356275
04691862512859
42854078479093
45132431897143
36096213201957
77204657023680
44823475130843

52410987241540
43923845305184
17856403076238
20167026182675
64093792810941
16485319459316
31720526546835
50179482377487

73120936712505
14974815405281
56853104063748
30236073287365
71094697820912
32185429159423
42670573513843
80269187466816

03447666579343
71658173843917
50132748402581
34920452915203
57468065194679
89713896736892
62054352372180
54605615800310

28790632836684
51621379174834
40345741905213
49850925832504
27961062389678
18734186746189
85029425475310
54906992100530

17986327283241
04811631036710
43270580460959
12705879213283
98643245936714
56892654650971
02100137184392
25544313713824

32054127321598
89533412814735
91278658948061
32786570231258
85491296064736
04502469418079
03683317350102
32968801391623

63364521348953
06246473427546
49581798901203
89310921562179
67934032659642
45768453783082
31021571801238
98304352452144

89547093423519
49130730247861
64319285068027
50822941531594
15983602792431
41796317648742
63452156360170
64887245839050

97480974376535
59242786285387
50751852601427
16310641374105
48692094736983
23875239859236
13046541581724
16309664200175

59489573572156
18938742841579
36710418260387
92506230573061
14298693752945
36471859419852
05632130140760
07996223867246

