49730925573460
51951874104387
26842701062518
60326052385264
57091695830973
23784139749132
13650452472812
46967985168945

28069712817783
24724106403813
39135034695241
36859625812593
20674972186708
48013487037486
85926325305149
33297666499519

28069712817783
24724106403813
39135034695241
36859625812593
20674972186708
48013487037486
85926325305149
33297666499519

77561692010717
24624957451095
28913514783249
17038723092381
25764862907650
40591406516406
03827123153947
11286577488973

45850974679961
42942785281628
10713812503477
15630543674301
48592094765986
26871269819269
63045143183725
11409555200370

96174853257767
21821579109651
60593701043215
04634023652349
27801482560876
16759168798162
73428923943540
66540772174354

96174853257767
21821579109651
60593701043215
04634023652349
27801482560876
16759168798162
73428923943540
66540772174354

28061472350890
81431708148971
95782051562317
56926532973268
30541643795409
19078194084192
42635832806765
47692573157654

65544088321931
38213013257391
84096574978269
97508140614006
36723812563118
51432671287259
12985403390567
89751945549360

94512039250736
61721059149305
36098561648210
24584628302849
75371472036753
96709137597138
83426983152689
54285725613460

19087653270940
31621509169451
47593071783215
78438723452389
20761862547604
14059146096143
63827923908587
65843752175809

19055863270940
21821609189461
47693071753216
75435723462359
20781582647804
14069148098143
83527923907657
68543762156509

19055863270940
21821609189461
47693071753216
75435723462359
20781582647804
14069148098143
83527923907657
68543762156509

19055863270940
21821609189461
47693071753216
75435723462359
20781582647804
14069148098143
83527923907657
68543762156509

14069375290380
51321704134871
89745091965217
96856925872564
20931632789308
18074183043185
35629425409769
73685972167604

27451308194764
42312047237602
96078492958120
95685918601855
14932531069346
26407263473278
38519718740509
37568951259650

27433760149854
42712648278562
59680492930126
93503910561038
14472371659745
25368257487250
63119810843693
69450931231843

00691367631280
38563689589158
23752891240648
97124472136247
46735706317013
34809140850956
93124272582394
96255465197830

77123312762065
62547168430951
58469780314781
95620529561432
73214351980543
37016184237299
90799678241627
14813293800538

82699207311630
35245061528325
71081675197458
19378147304790
46329524031263
65465912682635
78108137910072
87234834895378

07625263629135
43752074388395
61349391506720
39806519251758
42912682084126
14613700348216
35804513269740
57792402716509

92599330239605
21362580391819
10684221074218
07947354962478
75301738590350
21528196253615
09746842687614
98273031815299

61407990512188
16315716586479
58408883279357
28642052312532
77927119841074
45162760734901
03645336259286
20280199118236

27966858911618
88212317748297
15413462383925
34609568064108
69082975172437
87115047515243
23953602340958
39622163258678

21560478691541
30450347217425
87928912083265
65162853408371
34019766115498
23897024920529
71623149807632
76085356516411

51389560468312
45945630180163
97602385572456
58127842164270
43895794618937
51360519309518
12748042032601
29179324577837

51389560468312
45945630180163
97602385572456
58127842164270
43895794618937
51360519309518
12748042032601
29179324577837

19740925574160
53953871301487
26812703062538
60426052485261
57093695840974
24781349719342
34650152172832
16967985368915

43961054850025
43043596392853
21527923617436
26871647854712
49603104586098
38952380920389
28146247217517
72416086155714

43961054850025
43043596392853
21527923617436
26871647854712
49603104586098
38952380920389
28146247217517
72416086155714

79160791489548
57212968265468
50953652803129
38430813491305
16872071948764
24695247657248
43018513563921
38407881200395

88360983278527
59434867465267
50851654701348
17210731283105
36794093827962
42685429659427
21037531561843
17209773400185

88360983278527
59434867465267
50851654701348
17210731283105
36794093827962
42685429659427
21037531561843
17209773400185

29367850250379
91821536139056
97594391674215
46047624052479
23681782506830
14359108398106
00726924934519
86578662177458

29367850250379
91821536139056
97594391674215
46047624052479
23681782506830
14359108398106
00726924934519
86578662177458

19267850150279
94814526429056
97593294673145
36037613051379
12684781506820
43259408298406
00716913923549
86578661477358

29167850250179
94824516419056
97593194673245
36037623052379
21684782506810
43159408198406
00726923913549
86578662477358

29367850250379
91821536139056
97594391674215
46047624052479
23681782506830
14359108398106
00726924934519
86078662177458

29367850250379
91821536139056
97594391674215
46047624052479
23681782506830
14359108398106
00726924934519
86078662177458

42197650250177
43683519318059
87524183974235
89047924052478
21963762509610
34158306186309
00729824814538
69876992377514

87364530230898
95526379678037
84381786941263
19014921032148
27956452309570
91738605785601
50429822871364
62945911644234

46798339233710
65389451647204
08301206591856
92419073853125
19246931427094
95783260245743
30817507861261
22695034613926

58347593409736
01372169356275
04691862512859
42854078479093
45132431897143
36096213201957
77204657023680
44823475130843

41639833241409
25304115415231
69240758677824
38196380836059
74819412321637
27025761279823
60952675645042
39133598064304

84330590882671
25701834126302
95862361453024
61925402980943
34771572891738
56486135732172
90824690614083
37537923369806

81142509310671
35583280259263
72836917645830
41274195410618
63157408823641
56390237962930
97249213015475
40084680452786

92318054611204
60530810293761
17869132945376
78226551871284
35930825762149
04674014624193
12412395049080
33688731573672

98799125422473
35627806310795
41266783793619
79132517428163
92509154132432
45470860357852
84662492815009
98314319284336

29007192386304
02379415538759
43182300972816
86014672462902
92045718286695
59732064958713
34918236515431
23486513813569

39519271522339
63057987436849
75896008919413
05281352155025
34427427386276
38975603747136
60296189194013
01941298236205

49730925573460
51951874104387
26842701062518
60326052385264
57091695830973
23784139749132
13650452472812
46967985168945

49730925573460
51951874104387
26842701062518
60326052385264
57091695830973
23784139749132
13650452472812
46967985168945

49730925573460
51951874104387
26842701062518
60326052385264
57091695830973
23784139749132
13650452472812
46967985168945

52410987241540
43923845305184
17856403076238
20167026182675
64093792810941
16485319459316
31720526546835
50179482377487

48069724827783
41741206103823
39235031695412
36859645824593
40671974286708
18023187037186
85946345305219
33497666199529

73120936712505
14974815405281
56853104063748
30236073287365
71094697820912
32185429159423
42670573513843
80269187466816

73120936712505
14974815405281
56853104063748
30236073287365
71094697820912
32185429159423
42670573513843
80269187466816

73120936712505
14974815405281
56853104063748
30236073287365
71094697820912
32185429159423
42670573513843
80269187466816

73120936712505
14974815405281
56853104063748
30236073287365
71094697820912
32185429159423
42670573513843
80269187466816

03447666579343
71658173843917
50132748402581
34920452915203
57468065194679
89713896736892
62054352372180
54605615800310

33277646297468
79023905385789
86951883461235
64716421792165
23403602974079
07895370851897
58624501542301
81561429124036

24923453687855
27317506752137
78501927105235
12640194389489
31374268836108
47958627102615
24625193045239
33889039289369

70736248573511
41653273402365
56985934658671
20721917981724
13752681204537
31500342346204
09481955691089
09228126797839

02533956673116
24912271965368
49641839208549
18279583441021
31805260517308
90641628728692
59730347614721
57153094395370

69214713613735
36759430257842
54035287265120
90216875618913
18671490439605
83294629325842
35023867118734
54801004750911

64451245051495
56352181634259
71876997328701
64084302781631
93625721831860
31269100952902
85041842597431
40734233365713

63869029847230
50470536534907
18021315291654
24918461486821
93475876037209
09302537241790
91821395426516
16689188199323

26971729859871
20717892506239
15324661843643
19231539430157
74908120527025
01460578165984
53213746853813
95126490227371

13358803124475
38592156856837
40931274087123
62140713203740
96654952120650
89523624416925
81781387987313
10331509628431

83511021027415
95023748398764
14285493915246
06361927672583
53756102769066
91570630484104
74128925821379
50682161733586

86778029543855
38915642962316
50792373148943
16629751085708
47258049623521
05140124861362
58413243710978
99837569302798

16731793093016
46326145219209
84958052165471
51742637704318
25726481283289
96801802491297
18093159073764
25326395731562

08519010418695
75866501721871
29425237290341
60312963445394
57169456128109
15280782176026
04356328547932
56361035021891

31046240786173
30957482079691
76271928134219
62340137312428
51359204265085
75805965870367
92641831981497
33617720094159

57836802368074
40298215916108
42771160872359
59337648023572
91648543906410
54129109194803
58702672812532
24856457536954

28790632836684
51621379174834
40345741905213
49850925832504
27961062389678
18734186746189
85029425475310
54906992100530

56929297687814
26273314915422
23168986473120
40160867134798
59407231799831
34965456789784
38751816823101
69027856301094

91868047347264
61670650223065
60512957614563
43517814912882
38437063811705
04819026839124
02795251265382
19367231983642

96828262731311
26270034465022
20163928104125
45167836592803
95457022931781
04879021879121
03791416325380
68527356981135

91858043343254
51530560487022
54612963504526
47613819617887
98473052973105
04812025489419
02396961226326
18753277915576

47292013313691
97930980135066
91872423901968
15873274875255
02153096453709
41274069124174
06348687668368
72539655479958

97818043242014
17125560480538
14673963154136
40672819610880
95402052902751
84879025489479
53193567336236
79022300971106

74232085687630
32360310125088
37149716408391
85146247145125
72856039756403
08257193806847
09679014021691
96536955743351

04881932236214
18129159787933
13546052193165
37542840547587
08379916072491
39840861380340
96206954655265
67212677041175

04881932236213
18129159787943
13547052193165
37542840547587
08372916072491
93840561380340
96206954655265
67212677011175

04919537670615
17165185693577
79842086157128
13836140843893
09746592036451
57940821790740
52602534208128
26316233841638

95900632013291
61024484275414
01867582941978
93862065843803
50132497532649
41065879105165
47257446788978
72392733569238

59419632005710
10126186213600
90847582960170
30842945843893
59136217532461
60945871095045
67257634788178
72312733541238

91100577047314
54038828369848
04266923184162
91753059287207
70473416973581
84059711409459
86396085622162
63713677951372

11599366986528
08954474510484
98731075248218
67235903746796
39865821065342
48930712890830
42501943472717
15625166305267

17760744394614
40008820653848
41279526128192
13276075843203
50436819536781
84065219405475
89759083922192
96316937571632

95966211281598
28650070573080
86497375908978
14225623401461
36815897315209
08634479863823
07532012049574
52195701324914

99866211671897
27680050834070
75523458907937
75928624501561
46318793418209
03624539764724
81943612059835
01788301425915

55899210971857
27980061834070
75623468507537
16521924601691
49718753418205
07924635794724
83543912065836
03188301426516

88955210571487
27590061939070
78623469807837
16821524601651
45719783419208
07524638754724
93843512068936
03199301426816

88955211571987
27590060934070
78623469807337
16891524601658
45712783419201
07524638754724
93843512068936
03199301426816

33355819571257
87590061949070
73684269307347
16381582601651
25719734219803
07582643752782
94324518023946
04199401206316

85955213571987
27890061934070
78623469087337
16821524601658
45719783419201
07524638754724
93843512068936
03199101426816

95608508541377
19017037198671
63261841679849
62558054273203
10931268431576
79012986904954
78144735726382
55367173243611

05700502659272
11462969758452
49327687421861
93526058321309
70197146898528
21082364107154
26745691234913
67784329389477

85955213571987
27890061954070
71623469087337
16521524601658
45719783419201
07524638054724
93843512768936
03199101426816

09126925943316
30236286305164
18713543160540
17995294768728
32083715473961
60247251024094
65119689671857
99846368758133

85955213571987
27890061954070
71623469087337
16521524601658
45719783419201
07524638054324
93843512768976
03199101426816

06128925643319
30238298305184
19713543180540
17665264789729
32093715493681
80247251024064
85116896871953
66948389759131

42342456309925
41604179238653
68795382421801
97359432751749
24102160898358
01485706142163
05263390576217
52276115789938

59228082586589
15411563190814
46743801340889
47886230736753
12951748961521
39217984920980
36105315744627
55843653406411

36141607693014
31034954327149
25863703412792
18617069845805
40235817853641
32098271209269
67519456481578
64364365875133

02151263260715
01705685043156
48920378154364
19213726958978
57408913680251
34769431476426
20816582591839
95025028938100

06191652150819
01809529043195
42760380194354
17613865792782
98402713520691
94857431485465
63215926971237
69069062732100

08151892190715
01705925064159
62380470156496
13814789352372
57602314920851
56793641679689
84219528531243
85085082342100

06181652150418
01408528093185
92760340189359
17613465782742
84902713520681
89457931945965
63215826871237
68068062732100

28161273178416
51486736850167
83928048165075
19210427963943
64583910738271
65479501547527
20317632691309
26226823903188

73181385307418
71478028795180
92637542189509
16315430682642
84972615027381
59406951940930
37210823861256
68738732652177

67191780736519
61569329680193
82476052198038
14710573492452
95862410326791
08534801953873
76213927841204
49679672402166

08191852150619
71609529074195
02380460197457
13814685392369
96702314520821
97653741765785
84215928931243
89089082342100

73181385907418
71478028795180
92637542189509
16315430682642
84972615027381
59406951840930
37210823961256
68738732652177

78161557837916
71976326750163
52487092165035
64810983462492
19572410327861
75934501593583
80213628641204
46786782462177

80141043978314
81384724895147
92608532149579
16015307642632
43982615728041
59376951437907
08217420961256
64804802652188

93161339749816
71896426935164
92079582163543
90715874062082
18392015429761
93840351384374
75214627601250
06976972062199

73161338858916
81986526830165
82478092163053
64710975462492
19382410528761
83954301395375
70215627641204
46878872462188

85131537508713
81783023896130
92458672139609
14516750432472
37982416028531
69704961370950
58210325941264
43856852462188

83141972175319
51854724586178
52095635148645
10916397042034
43852016725921
48370831837897
96217429401260
44589592062155

67101668958917
81980520863105
82478392106356
04713975402492
19682413528701
86954631695675
73215027041234
40878872402187

81931802303713
41743028494132
42684574319509
16815780632673
37942615024821
29706951970980
85210328361256
73483482652144

30161338978910
81986725835167
82408592163578
64015907462492
19382415728061
83974351397307
05217620641254
46808802462180

54191445508718
81789028864190
82358672194604
13516750392372
97482316028591
84703461470450
36210925931263
79859852362188

35181330940195
01908427037184
02650792183740
86517954682692
19302617420581
03946371394354
57214825861276
68050052682105

71941702404314
81384027898142
82678538419509
16715370642634
43982615028721
29306951930970
75210427461256
34847872652188

73171942185316
01257427508145
02695835170870
16918394672637
53052618425912
40346631034094
98214729761286
67505592682157

35181330940195
01900427037184
02658792183740
86517954682692
19302617420581
03946371394354
57214825861276
88050052682105

33896853105364
41409519073296
82160240287250
98632463991481
04701835715693
27458724560762
69135963823125
91370211009334

17986327283241
04811631036710
43270580460959
12705879213283
98643245936714
56892654650971
02100137184392
25544313713824

32054127321598
89533412814735
91278658948061
32786570231258
85491296064736
04502469418079
03683317350102
32968801391623

63364521348953
06246473427546
49581798901203
89310921562179
67934032659642
45768453783082
31021571801238
98304352452144

89547093423519
49130730247861
64319285068027
50822941531594
15983602792431
41796317648742
63452156360170
86487245839050

89547093423519
49130730247861
64319285068027
50822941531594
15983602792431
41796317648742
63452156360170
64887245839050

49730925573460
51951874104387
26842701062518
60326052385264
57091695830973
23784139749132
13650452472812
46967985168945

28069712817783
24724106403813
39135034695241
36859625812593
20674972186708
48013487037486
85926325305149
33297666499519

28069712817783
24724106403813
39135034695241
36859625812593
20674972186708
48013487037486
85926325305149
33297666499519

53709942146875
13913478308643
60482703052134
05625012641258
17903591460976
36748369789362
62519812852450
89458771372547

45850974679961
42942785281628
10713812503477
15630543674301
48592094765986
26871269819269
63045143183725
11409555200370

45850974679961
42942785281628
10713812503477
15630543674301
48592094765986
26871269819269
63045143183725
11409555200370


