49730925573460
51951874104387
26842701062518
60326052385264
57091695830973
23784139749132
13650452472812
46967985168945

28069712817783
24724106403813
39135034695241
36859625812593
20674972186708
48013487037486
85926325305149
33297666499519

77561692010717
24624957451095
28913514783249
17038723092381
25764862907650
40591406516406
03827123153947
11286577488973

45850974679961
42942785281628
10713812503477
15630543674301
48592094765986
26871269819269
63045143183725
11409555200370

96174853257767
21821579109651
60593701043215
04634023652349
27801482560876
16759168798162
73428923943540
66540772174354

28061472350890
81431708148971
95782051562317
56926532973268
30541643795409
19078194084192
42635832806765
47692573157654

65544088321931
38213013257391
84096574978269
97508140614006
36723812563118
51432671287259
12985403390567
89751945549360

51389560468312
45945630180163
97602385572456
58127842164270
43895794618937
51360519309518
12748042032601
29179324577837

19740925574160
53953871301487
26812703062538
60426052485261
57093695840974
24781349719342
34650152172832
16967985368915

43961054850025
43043596392853
21527923617436
26871647854712
49603104586098
38952380920389
28146247217517
72416086155714

79160791489548
57212968265468
50953652803129
38430813491305
16872071948764
24695247657248
43018513563921
38407881200395

88360983278527
59434867465267
50851654701348
17210731283105
36794093827962
42685429659427
21037531561843
17209773400185

29367850250379
91821536139056
97594391674215
46047624052479
23681782506830
14359108398106
00726924934519
86578662177458

19267850150279
94814526429056
97593294673145
36037613051379
12684781506820
43259408298406
00716913923549
86578661477358

29167850250179
94824516419056
97593194673245
36037623052379
21684782506810
43159408198406
00726923913549
86578662477358

29367850250379
91821536139056
97594391674215
46047624052479
23681782506830
14359108398106
00726924934519
86078662177458

42197650250177
43683519318059
87524183974235
89047924052478
21963762509610
34158306186309
00729824814538
69876992377514

87364530230898
95526379678037
84381786941263
19014921032148
27956452309570
91738605785601
50429822871364
62945911644234

46798339233710
65389451647204
08301206591856
92419073853125
19246931427094
95783260245743
30817507861261
22695034613926

58347593409736
01372169356275
04691862512859
42854078479093
45132431897143
36096213201957
77204657023680
44823475130843

52410987241540
43923845305184
17856403076238
20167026182675
64093792810941
16485319459316
31720526546835
50179482377487

48069724827783
41741206103823
39235031695412
36859645824593
40671974286708
18023187037186
85946345305219
33497666199529

73120936712505
14974815405281
56853104063748
30236073287365
71094697820912
32185429159423
42670573513843
80269187466816

03447666579343
71658173843917
50132748402581
34920452915203
57468065194679
89713896736892
62054352372180
54605615800310

28790632836684
51621379174834
40345741905213
49850925832504
27961062389678
18734186746189
85029425475310
54906992100530

17986327283241
04811631036710
43270580460959
12705879213283
98643245936714
56892654650971
02100137184392
25544313713824

32054127321598
89533412814735
91278658948061
32786570231258
85491296064736
04502469418079
03683317350102
32968801391623

63364521348953
06246473427546
49581798901203
89310921562179
67934032659642
45768453783082
31021571801238
98304352452144

89547093423519
49130730247861
64319285068027
50822941531594
15983602792431
41796317648742
63452156360170
86487245839050

89547093423519
49130730247861
64319285068027
50822941531594
15983602792431
41796317648742
63452156360170
64887245839050

53709942146875
13913478308643
60482703052134
05625012641258
17903591460976
36748369789362
62519812852450
89458771372547

97480974376535
59242786285387
50751852601427
16310641374105
48692094736983
23875239859236
13046541581724
16309664200175

59147963263518
14924618415364
97650154870246
58307820362075
21894792638913
43165439159438
30728520510675
09379882476715

39217965465318
12942618213562
97630132870426
38507840564073
41892794658915
25163259139258
50748340310673
09579884276713

49217965365428
21931628124561
97640241870316
48507830563074
32891793658925
15264159249158
50738430420674
09579883176724

49217965365428
21931628124561
97640241870316
48507830563074
32891793658925
15264159249158
50738430420674
09579883176724

19527963463158
52942658251362
97610512870426
18307840364071
45892794638953
23561239519238
30748140150671
09379884276751

19537962462158
53943658351263
97610513870436
18207840264071
45893794628952
32561329519328
20748140150671
09279884376751

39127965465318
12942618213562
97630132870426
38507840564073
41892794658915
25163259139258
50748340310673
09579884276713

39127965465318
12942618213562
97630132870426
38507840564073
41892794658915
25163259139258
50748340310673
09579884276713

39127965465318
12942618213562
97630132870426
38507840564073
41892794658915
25163259139258
50748340310673
09579884276713

39127965465318
12942618213562
97630132870426
38507840564073
41892794658915
25163259139258
50748340310673
09579884276713

39127965465318
12942618213562
97630132870426
38507840564073
41892794658915
25163259139258
50748340310673
09579884276713

39127965465318
12942618213562
97630132870426
38507840564073
41892794658915
25163259139258
50748340310673
09579884276713

39127965465318
12942618213562
97630132870426
38507840564073
41892794658915
25163259139258
50748340310673
09579884276713

39127965465318
12942618213562
97630132870426
38507840564073
41892794658915
25163259139258
50748340310673
09579884276713

39127965465318
12942618213562
97630132870426
38507840564073
41892794658915
25163259139258
50748340310673
09579884276713

39127965465318
12942618213562
97630132870426
38507840564073
41892794658915
25163259139258
50748340310673
09579884276713

39127965465318
12942618213562
97630132870426
38507840564073
41892794658915
25163259139258
50748340310673
09579884276713

39127965465318
12942618213562
97630132870426
38507840564073
41892794658915
25163259139258
50748340310673
09579884276713

39127965465318
12942618213562
97630132870426
38507840564073
41892794658915
25163259139258
50748340310673
09579884276713

39127965465318
12942618213562
97630132870426
38507840564073
41892794658915
25163259139258
50748340310673
09579884276713

29517963463258
51941658152361
97620521870416
28307840364072
45891794638953
13562139529138
30748240250672
09379884176752

39127965465318
12942618213562
97630132870426
38507840564073
41892794658915
25163259139258
50748340310673
09579884276713

39127965465318
12942618213562
97630132870426
38507840564073
41892794658915
25163259139258
50748340310673
09579884276713

49127965365418
12932618214562
97640142870326
48507830563074
31892793658915
25164259149258
50738430410674
09579883276714

59217964364518
12932618215462
97650152870326
58407830463075
31892793648914
24165249159248
40738530510675
09479883276715

39127965465318
12942618213562
97630132870426
38507840564073
41892794658915
25163259139258
50748340310673
09779884276713
