19325712611738
31946598468213
26704930730920
87521301279465
43957654125189
16380245360819
62842087689730
54953168144150

89732597217094
92674054385603
56347863409568
48039187193142
31291625782702
12547243048069
65480591691358
71103916823522

28438490740265
17692802358674
16329563289147
25837159174035
51471640952670
34029423085987
63208301671348
77517816423100

97587629822195
34834786341956
41093851056821
10712512908247
35870473297369
24561937541625
49639160468041
30875216233214

37587629822195
94834786341956
41093851056821
10712512908247
35870473297369
24561937541625
49639160468041
30875216233214

97587629822195
34834786341956
41093851056821
10712512908247
35870473297369
24561937541625
09639160468041
34875216233214

37587629622195
94834786341956
41093851056821
10712512908247
35870473297369
24561937541625
49639160468041
30875216233214

30777523157819
19425901602192
15348047843637
82681328735978
90293251659145
71470496408415
87651924037623
92235682153967

90468713404581
15216504701418
84329026923736
08794319638569
90153184785428
91260257209248
67584512036713
75193498143571

27578023406246
75127564062428
84319617913037
28094329738579
96253284085418
94176150169148
02584521637022
75293492843503

72578023406246
75127564062428
84319617913037
28094329738579
96253284085418
94176150169148
02584521637022
75293492843503

72578023406246
75127564062428
84319617913037
28094329738579
96253284085418
94176150169148
02584521637023
75293492843502

27578023406246
75127564062428
84319617913037
28094329738579
96253284085418
94176150169148
02584521637023
75293492843502

72578023406246
75127564062428
84319617913037
28094329738579
96253284085448
94176150169118
02584521637023
75293492843502

27578023406246
75127564062428
84319617913037
98094329738579
26253284085418
94176150169148
02584521637022
75293492843503

27578023406246
75127564062428
84319617913037
98094329738579
26253284085418
94176150169148
02584521637022
75298492843503

27578023406246
75127564062428
84319617913037
28094329738579
96253284085418
94176150169148
02584521637023
75293492843503

27578023406246
75127564062428
84319617913037
88094329738579
96253284085418
94176150169148
20584521637023
75293492843502

27578023406242
75127564062468
84319617913037
82094329738579
96253284085418
94176150169148
02584551637022
75293492843503

04855182518482
02680715380375
56317047796736
53423624112614
17285193528041
98604509649573
84093278418967
57132982133216

71664576002306
43148358479451
28903861351425
82692693205167
71574502479836
73186480147905
30832937636210
69523175262187

62994569036109
41248158467452
38701892152435
83973971305299
62564503467816
01289480246705
60813716919320
47531263593286

47657058213390
10093483145908
41281697467125
72546129287345
07490585128034
81623854536106
16239760763529
57840231925493

47567068123390
20093483246908
42182597457216
71645219187346
07490686218034
82513864635205
25139750753619
67840132916493

47567068123390
20093483246908
42182597457216
71645219187346
07490686218034
82513864635205
25139750753619
67840139216493

47567068126390
20093483243908
42182597457216
71645219187346
07490686218034
82513864635205
25139750753619
67840132916493

47657068123330
20093483246908
42182597457216
71645219187346
07490686218034
82513864635205
65139750753619
27840139216493

47567668123330
20093483246908
42182597457216
71645219187346
07490686218034
82513864635205
65139750753619
27840139216493

08533606525592
65409720348924
39517318314013
37124857927531
46236475298627
90851601681164
49089024304395
43743983042527

08945370211284
89453784034954
76196215773696
63082108916282
82345380316417
85196576470047
06720124829352
64273492381920

74914285146704
46841360521078
62190734032985
35965879479532
70539162816481
21843163182018
59264570357206
00622792445833

82412586265460
06976157624705
76430413712892
81385998398612
53217382045341
92301451402704
69250295361279
87586309619836

82412586265460
06976157624705
76430413712892
81385998398612
53217382045341
92301451402704
69250295361279
87586309619386

82412586265460
06976157624705
76430413712892
81385998398612
53217382045341
92301451402704
96250295361279
87586309619386

82472586265460
06916157624705
76430413712892
81385998398612
53217382045341
92301451402704
69250295361279
87586309619836

82472586265460
06916157624705
76430413712892
81385998398612
53217382045341
92301451402704
69250295361279
87586309619863

83412586265460
06976157624705
76430413712892
81385998398612
53217382045341
92301451402704
69250295361279
87586309619836

82412586265460
06976157324705
76430416712892
81385998398612
53217382045341
92301451402704
69250295361279
87586309619836

82612586265460
04976157624705
76430413712892
81385998398612
53217382045341
92301451402704
69250295361279
87586309619386

82412586265460
06976157624705
76430413712892
81385998398612
53217382045341
92301451402704
69250295361279
87586009619386

82412586265400
06976157624705
76430413712892
81385998398612
53217382045341
92301451402704
69250295361279
87586009619386

82412586265460
06976157624705
76430413712892
81385998398612
53217382045341
72301451402704
69250295361279
87586009619386

