49267343897930
17946067178072
82195001489581
56237559309111
87431493522152
54993319107100
78910562714960
42230964442881

91395950971329
58113450015432
03347612463605
10048823968169
05826748135733
47288416310764
77303107946011
07827749213216

42749793841754
96224193329275
37718025107034
23315557406209
39506716279877
18052391084259
88763217609025
83618814527520

53850804751825
04325104492873
98819632167345
34417923566030
40926719887878
17298401609850
77844318922382
74927175287584

52105108753195
08295308845612
41314629366285
28837492564260
80496734110711
37941813605140
87188230492919
77497735917481

42146169743184
65224369926218
91137028301094
29938881405206
96805135216711
37082963074286
77159231506028
79537734821820

42840803745894
03294503314682
18541229566234
23357192461260
30196751880788
57918305604810
77833258192989
71197754987138

62106108763156
08256308896412
91894325344286
28117452649240
80463739110711
37591813406590
87188230952935
77957736517481

59550809453862
09265304915785
78897126312195
29334762586210
87061437180488
41458903105830
44276238762918
49730345684669

63216218760526
12356018846423
92894035049386
38220453649341
81467709221722
08759160815591
87582301963905
77927706257482

96396462791435
62589176209199
14728053105024
58217835948506
48633719046744
70794261069414
77586514835834
72731179347220

96398465798431
65019676529899
84750213821254
10587031940126
40632789246744
72794568269484
77106184031034
75738879347552

10212622718604
26491827531951
96659340834416
48587904169332
69203781362766
53716528321686
37490486904506
75782871067953

79272622178694
25407821537057
06650349831436
48581094760472
60293187362166
33176528327686
51409486094596
15182817961053

10216232718604
26491827531951
96659340834413
98587904169362
69203781362766
53716528321686
37490486904506
75782871067953

24218622718604
25091227531951
96659340834416
48547904169432
69203781362766
33719528321686
57460486904506
72582871067953

34232357739540
92062822913693
65596109817015
68987640356032
69201783152755
13715928120485
97064085643145
79872873459591

10216232318604
26491827571951
96659340834413
98537904169362
69203781362766
53716528321686
37490486904506
75782781067953

10617636815714
67491568231321
97729340531409
95258904107486
79603851376477
23817265368777
38490457901295
87856581074023

10316373918604
36421839571251
26652740874477
28589204162493
62307981763166
57916538731646
59420486204506
97983891069257

16310345412068
30871233591751
70057486248810
72549768107413
07364921403900
54910532431020
49876820768564
95923901609750

10719235318900
19241822561451
49954370837731
48536407194392
94201681392699
53639128321988
66745789407509
65682681096453

10346373918604
36411839571251
26152740874479
28589204162493
62307981763166
27911538731696
59420456204207
97986891069556

13451575918034
50401859671291
20162243864476
28689734102495
02537981705100
27910658751090
96423410234237
57984891309660

13318363912841
33451239761477
54875640261605
52729504108493
85306921685488
96918732639488
67150428501752
98923291081076

13314323617941
33981736512955
89458290721208
87576809104966
48302671284032
62614537236944
25180974801587
64673761041052

53451575918035
10401859671291
20162243864476
82689734102495
02537981705100
27910658751090
96423410234237
67984891399660

08777578962235
76946547846167
52380931521482
50851013620347
20794896467926
21692775476152
99801350013045
99356196182384

17712737614251
77591476881588
95289350431309
94846905102567
29703641329522
63612874376522
38190522901894
62647461021083

03976678391927
75379687859146
62480341621582
60861014920457
02735739597329
21932846579162
34801760014056
34369139182485

45491474613537
10901346871915
20182295389485
32836759102942
22457631704100
07610843741060
78925910259258
86693361568870

03967678391927
75379687859146
62480341621587
60861014920451
02735739597329
21932846579162
34801763014056
34369109182485

45491474615537
10971346871915
70182295389485
32836759102942
22457631704107
07610843471660
78625960253258
86953311560870

06937678491927
72379687859146
65480341621587
60861014920451
02735839597329
21932746579162
34801763014056
34869106182485

40498796771339
97597869657127
82760421831568
80616012730251
03945647579437
31743964597183
42601288012058
42247197163266

47795414317119
10221543891275
50186627582486
76853972106049
66479351940127
09310845491303
85265230673698
84887511768007

49561578998357
23679357829018
72084601581281
54851410934027
43762869297639
15963705279153
60841356410425
06295154183082

40479576551337
75875967685125
92560421931869
90616012530281
03748645857435
31543764875193
42601299012089
42245175163266

69531578998457
24379457829018
72086301581281
56851610946027
64732839297349
15934705279154
30861458610625
03295156184082

46419287221338
62582978752102
95276401931579
96717610286051
63845742528432
13243874582193
40761099610659
40405180173077

15894818611400
82751486093546
42103357405803
70349675123189
73879641982517
29612084891651
04531562376397
50074411730220

39521576996857
48279857649016
74063201561461
53651310983047
38724629497289
15928705479158
20631856310345
02495153168064

16913616714555
60531267836122
20184495289786
34827359104974
04953721306103
54710862631780
88384970457467
87354211548023

17916717814404
70461378567183
30152294359852
42538649102947
42946831607106
02810573761850
83653980248278
05627311452037

17916717814428
70461378567183
30152294359835
22538649102932
24946831607106
02810573761850
80653980248278
05672311452074

15804818611426
89751486203542
49123357425823
72340675196180
73870641089517
90619284801651
04531569376307
52774311732592

19805818611576
84291586703957
54173392579873
27350629146180
23820651084912
40614785801691
75931964326302
79725311237947

12735717011540
78921570436254
58146629542746
94653092180173
96793051378219
83018475731021
45261208690639
42495611964284

64352313411249
29691234850790
29184076287350
68025467193168
60365321549787
25419832351467
82701749064956
68062001608075

18508415411877
96291854703984
56173392879573
27380429164150
23520481056912
60416758501491
78931946324602
97278331237937

19735717011540
78221570436254
58146629542746
94653092180173
96793051378219
83018475731021
45261208690639
42495611964284

39509815811977
36231958704398
56174932973574
27490823168150
24520891056312
60816759501834
79341386428602
97269441247327

65932919811287
27671298034574
27108456205934
60423865179160
64963921387505
23817092931865
02541587468736
60462441640453

36752717811289
29391278054694
29108463206754
30425836197130
34735721589606
25819072751836
02641689438953
30432441340465

78509415311644
89271853406783
59146872847546
24680327193150
26520381059712
90319458501376
48761739623926
84278061264742

14904919511466
78271495603755
68163372467963
26340527185190
23920541098712
80518694901572
64731758325803
46224331236786

27937819811266
04201798635078
94165702760965
26573820148193
25923871394015
43814697931802
67051084528432
76245751256026

80549715311627
89201853746083
79176802870579
27684320193154
26524381459012
94319758541360
78061039623926
87208461267072

17507515811729
46241758903468
96193342794593
29370824168150
23520871056421
06816957501842
97431486328603
79227331239469

73892818011266
26761280495309
26140537243895
74529073168174
75879821906343
29016482891073
42351306570697
74572551754359

06539449543788
30418685719369
83241760182619
48729524825708
67593043653024
13048176194321
31012792012696
58657386355935

05795813611437
43926590264370
46842974870914
78531741389165
27958652135203
16704325764017
63023408609842
28957104122134

28438490740265
17692802358674
16329563289147
25837159174035
51471640952670
34029423085987
63208301671348
77517816423100

89732597217094
92674054385603
56347863409568
48039187193142
31291625782702
12547243048069
65480591691358
71103916823522

19325712611738
31946598468213
26704930730920
87521301279465
43957654125189
16380245360819
62842087689730
54953168144150

19325712611738
31946598468213
26704930730920
87521301279465
43957654125189
16380245360819
62842087689730
54953168144150

89732597217094
92674054385603
56347863409568
48039187193142
31291625782702
12547243048069
65480591691358
71103916823522

28438490740265
17692802358674
16329563289147
25837159174035
51471640952670
34029423085987
63208301671348
77517816423100

97587629822195
34834786341956
41093851056821
10712512908247
35870473297369
24561937541625
49639160468041
30875216233214

97587629822195
34834786341956
41093851056821
10712512908247
35870473297369
24561937541625
49639160468041
30875216233214

37587629822195
94834786341956
41093851056821
10712512908247
35870473297369
24561937541625
49639160468041
30875216233214

37587629822195
94834786341956
41093851056821
10712512908247
35870473297369
24561937541625
49639160468041
30875216233214

97587629822195
34834786341956
41093851056821
10712512908247
35870473297369
24561937541625
49639160468041
30875216233214

97587629822195
34834786341956
41093851056821
10712512908247
35870473297369
24561937541625
49639160468041
30875216233214

37587629822195
94834786341956
41093851056821
10712512908247
35870473297369
24561937541625
49639160468041
30875216233214

37587629822195
94834786341956
41093851056821
10712512908247
35870473297369
24561937541625
49639160468041
30875216233214

97587629822195
34834786341956
41093851056821
10712512908247
35870473297369
24561937541625
09639160468041
34875216233214

37587629622195
94834786341956
41093851056821
10712512908247
35870473297369
24561937541625
49639160468041
30875216233214

37587429822195
94836786341956
41093851056821
10712512908247
35870473297369
24561937541625
49639160468041
30875216233214

37587629822195
94834786341956
41093851056821
10712512908247
35870473297369
24567937541625
49639160468041
30875216233214

37587629622195
94834786341956
41093851056821
10712512908247
35870473297359
24561937541626
49639160468041
30875216233214

37587629822196
94834786341955
41093851056821
10712512908247
35870473297369
24561937591625
49639160468041
30875216233214

37587629622195
94834756341956
41093881056821
10712512908247
35870473297369
24561937541625
49639160468041
30875216233214

97587689822195
39834726341956
41093851056821
10712512908247
35870473290369
24561937541625
49639160468041
38875216233214

37587629822195
94834786341956
41093851056821
10712512908247
35870473297369
24567937541625
49639160468041
30875216233204

97587629822195
34834786341956
41093851056821
10712512908247
35870473297369
24561937541425
49639160468041
30875216233204

37587629822165
94834786341959
41093851056821
10712512908247
35870473297329
24561937541665
49639160468041
30875216233214

37587692822195
94834786341956
41093851056821
10712512908247
35870473297369
24561937541625
49639160468061
30875216233214

97587629827195
34834786341956
41093851056821
10712512908247
35870473297369
24561937541625
49639160468041
30875216233204

97587629827195
34834786341956
41093851056821
10712512908247
35870473297369
24561937541625
49639160468041
30875216233204

