74159795325802
54251078347483
86604477767207
81290337626624
01269769529789
82781690020810
65374132391515
68103332437520

52644734983132
03799257652464
14359418838516
19246167922209
90149815571871
07197403789311
94390069060566
13812676224675

74189798328302
84281075547435
36604477767207
31290557826624
01269384649739
32731690020310
68574152591818
36105552457820

73224723990813
46019035426649
88485814812475
27736910182243
92760701311104
70145805799355
55302927586234
19158326491400

01552058768607
25628679523782
33419135148390
50371846415247
85795064742792
60148029097769
49995885368002
99483701721356

73224723990813
46019035426649
28485814812475
87736910182243
92764701311104
70105805799355
55302927586234
91158326491400

81616819709964
63269244162428
00537301359087
10043952531654
91071825456476
28759867874427
43470991029886
77591483463012

54158724550714
59012046829985
32836318312876
73749510131284
52795701412108
70106306755486
66402527639248
51163429851800

72661702619852
11900924693317
08174811860174
87823659580042
36709785255921
49514934733242
74215867486013
35543260135129

56579772354669
76981423941891
02203689587913
51925184856290
71854002411470
32093613087071
34076159365764
11826767112478

42991402916852
11600027163314
08147811890147
84823956980072
39406485255621
76517637433272
47215894789013
35573290135126

56539337854669
36921478941291
07708629523981
51975124256790
31254007411430
87098618023031
84036159865364
11276363114472

52526774359226
72681943691861
04403286587631
51645189852460
71859004911970
34063213087071
39072157325729
12842276611498

18990852913652
02318021430718
16104611697184
68627953960042
79803865255321
43514374877212
74215719469047
58546290875113

59568664705889
69821067801291
34437928256871
51845120259483
61250334011068
74387917326361
70369158795620
11249196110094

52526744813226
72691378631961
04408296597681
15645093952460
71953004311340
84068218097051
83072157825723
12942276611489

18990859213652
02318021430718
66104611697184
28627953960042
97803867555321
13514374877212
74155719469047
55226290856113

18990859213652
02318021430718
66104611697184
28627953960042
79803867555321
13514374877212
74515419469047
55226290865113

52526344813226
72691778631961
04048596597681
15645093952460
71954004311340
84068218097051
83072157825723
12942277611498

15290859238652
09318021463718
96104611697184
28627953960042
79803867555321
13514374877212
54515419269047
57226290865113

15660579123872
02315026438515
88104811869154
25829673680042
69503589277321
83714314599219
14179796486049
77228624570191

15290259238352
09318081466718
96104611697184
28627953960042
79803867515321
13514377577212
54515419269047
57226298065113

15660974123872
02315026438515
28104811869154
25629673680042
69503581277321
83714314599219
14179796486049
77228624570191

15289259223352
09318081466715
96104618697184
28627953960042
79803867515321
63514377577212
14565419269047
57221298865113

00662971533874
24310246510810
48125812869105
60649673682254
62023081477341
03715315099419
45179700586199
76448646572215

12660971955877
03512036418212
38104816869124
42639675680043
69205281377531
85714514299319
34179796486149
77338632470091

15289259223352
09318081466715
96104618697184
28627955960042
79803867315321
63514377577212
14565419269047
57221298865113

00662971538374
24310244510810
48125812869105
60649673682254
62023081479341
03715315097419
45179700586199
76448641572215

14002971515817
23514238698418
38126810809146
64039075082263
09425481379539
85716516497319
36160790680169
77338034172091

10445977086887
52610521398011
28153814849108
30429476485538
45056082177629
86713613099219
73134790384135
57228424175591

10665977084447
52810521394017
24153416469104
30629678645534
69058042177829
48713813099219
73136790346155
57224626175391

14002971515881
23514238698417
38126810809146
64039075082263
09425481379539
85716516497319
36160790687169
77330834172091

13447988365558
72613721093311
25170514549135
03429486457705
47376352188629
56810610399219
80104893054107
78225424187791

14225899447709
50614501386491
07153712728147
34208296275537
25456470199608
76913613488018
98132984372133
45002702195588

10667899058259
75310751483291
52174216268102
40658693627742
62073025199358
73914314088518
08146980426144
95052656197388

13447988365358
72613721093311
25170514549135
03429486457705
47376352188629
56810610399219
80104893054107
78225484187791

10885799706649
54210541302091
46153612687106
30847892865536
55052064199247
62913213077417
97138970368173
50448648195537

17227399470059
75614751836491
50178016023140
84253296207780
27476405199653
06918618433513
93182934802188
47552252197733

15222799455300
53614501876491
00158316327143
84207296235583
29456430199607
36918618477017
97182974832100
45002202195577

10885799723369
56210561432091
63154312387103
40867892835543
53052036199267
52914214077617
97148970438174
50668368195547

12002799523389
28615281476591
83124316307153
45087096032243
02526538199687
36914614577817
97140975430144
52880580192277

10885799723369
56210561432091
63154316387103
40867892835543
53052036199267
52914214077617
97148970438174
50668368195547

81444599683829
83716821757621
20180310345163
06425497438803
49687632199725
37910710655215
95104954034126
68824526198855

10885499437769
56710561273091
63152716784107
20864893875527
59053076199364
53912312044614
44128940278142
50668468195524

51999466253586
53712581747281
80150310394123
02984967935503
96257238166784
37610710244814
64109649039182
25589482165544

31999455236385
36712381747281
80130610694126
02984957963306
95237268155784
67510710244814
54109549069182
23389486153344

51244299753569
53017561020761
68158318342173
87462490435583
49750736199062
00918018722612
92184924834167
75564267195522

