70555826122507
57861110619251
41348411252352
64192341333142
79043307062203
16201844079352
79188292021704
84916183983567

37031718052002
13277883318890
24442297096329
69816105828219
14170540840761
52632225494652
15549597198842
04060660014047

59737397599787
34385685184928
41525031443211
32602708337649
72608215437895
16216490713015
06024760916221
67648722801154

73071318026002
71233887718890
24442293095729
59815106828219
14530640840351
62172226494562
16649693198842
04050550014043

59299245224282
41985085484478
71572391668711
66000538992064
20738715642849
90710693213917
31372683410715
02068227831156

53737337959797
54385685149928
41525031488211
32606708337639
32628215497894
60016490719212
51009097212652
67653124301519

59397955612787
31385775989928
21525031408219
46206708392643
73108215437899
62663490713015
02084067916212
27450122801554

59397955612787
32385685149928
21525031408219
46206708332643
73608215437899
62614490713017
02086067916212
27450122801554

49497755162737
51435075939913
21525041883229
82606703437639
74103215897494
62668890719015
22838067914282
27053122301158

73833838979868
74367564149929
41727043766211
32505806338539
32526217498694
17015490710211
55009098215325
08571324031754

53997955612787
32385615149928
21525038408219
46206708332643
73608215437899
62674490713017
02086067916212
27450122801554

75793531560323
91725435929912
01505471882003
70646342723629
37142014363791
06668895819475
30828463019080
00452109241158

59594477162434
71537047939913
21727051883224
52606403534639
45103290464591
26668887819057
42838064215282
26073129301178

45457776192737
61436076535713
21622061883225
87909703437935
24141120707450
92998856185042
22838057914886
27063195301168

37074455679333
51025435932913
91495041884224
39706402324627
43102975464371
96658880187035
49828604913989
56052107201158

45475776199737
61436076535713
29622061883225
47904703437935
24141120707457
92998856185042
22838057914186
27063985301168

15175607499737
04130670535743
24022604883225
17969763137936
21414426747155
92998850685612
22835659741480
27603895364408

45543330199373
02470660575317
21029301887225
43969167473975
94143126363454
22998805185642
22875953914180
23607866671108

15547778179167
00460880565776
31033701226335
47989168467975
33147138787454
94992250125843
33260857994120
37856295861502

45543330195373
01470660579317
21029301887225
43962276473957
29143126363454
92498850185642
22875853914480
26307695671908

15547178579167
00460880165776
31033701226335
47919168467975
33847139870454
94992250125843
33260857994120
37856295861502

09106663129676
31073553972617
41342631887449
06254475076297
42106145656090
24028893189504
44879896210083
45637529571238

21123334477303
94204558101380
98497348660991
23757850203709
72827895353219
49776611861529
99601743702864
93540565588846

05549098591579
66476886070397
34633961227335
48101078479195
33849031896454
14112256025843
33272659114026
39857215870512

48422850459875
11273001874557
38138518667334
25919870275954
33025839051242
93996641864023
23676045992861
35047194078416

79744950758695
91462001967556
21821519336227
45108960465857
22945928051474
82883371937024
42360375884931
25076187069713

73744530756835
31482001387558
21621513998227
25106380485657
42345326051474
62669971397024
42980975664391
25078167083719

40420850459875
81273201874557
31134518667334
25919570275994
33025839051242
92996641864023
23641045992831
35777194078461

26044631039687
21475116673357
56253022887550
43929671473990
55143659132414
95998802680145
95878103994682
53107240176028

95920860963576
05272401576267
41149615887449
46313670276339
34026543061299
22338891589041
24891019332544
46877139075981

40426050459785
88272301875257
31134518697334
35015970275244
33025839051942
92996641864033
23641046992831
35677194708661

70526140542784
77282001784948
31135417698335
34019480289455
73024739041252
92996651765033
23651058992731
34688195807661

50547610564369
53484001386868
21125013798225
22019680489655
36046329061454
24997751375022
42751057994321
26788198503771

25290840243574
05979601574947
61162215887662
64313470974332
36094563041922
99338821582061
94821012339566
66877132075281

29404108988852
82457901254385
66169812735669
68013850453299
26048263081494
94337721279066
47791095388367
68055135943311

22590840243574
05979601574947
61162215887662
64313470974332
36094563041921
99338821582062
94821012339566
66877132075281

24098107477755
22959401256327
61164712835964
67013750953244
26097263071549
49338821284066
98841045337368
67655133749311

27048107999259
22454701254325
66167912835667
19013950453247
26049263091474
74338821287066
48871075379368
69655133934311

29408107477752
22959401259375
66164712835664
17013750953244
26097263071946
29338821284096
98851045347368
67645133739311

27058107999269
22565701265326
44147912836447
19013960563257
24059243091575
75338821288044
58871076379348
49466133935311

25087104544492
22797501297349
66165412839665
14013490793255
26704263041757
27338821285066
48891059354368
67659133437311

27905008893842
22747901247884
66169812534669
18013840743249
62078263081796
27335521259076
76541094398365
68594163817311

25068104544492
22898501298349
77175412639775
14013490893255
27804273041858
28336621265077
46691059354376
78759137438311

29085104944472
22575901275347
66169412837669
14013470573299
26504263041595
25338821289066
48871097394368
65697133435311

25068104544492
22898501298349
77175412639775
14013490893255
27804273041858
28336621265077
46691059358376
78759137437311

27908704497452
22750901258941
66169412835666
14013450753259
22074263041790
67338821289078
76851095394368
64895163138711

29085104944471
22575901275347
66169412837669
14013470573299
26504263041595
25338821289076
48871097394368
65697133435311

27908704497452
22750901258941
64169412835666
10613450753259
62074263041790
27338821289078
76851095394368
64995163138711

25091804344147
52878501298552
66165412937265
14013470873258
26804263041855
68339921295076
46971057353367
99567133448319

27908704499452
22750901258714
64169412835666
10613450753295
62074263041790
27338821289078
76851095394368
69495163138711

25079907444142
52969581279556
81185412736285
14013460963289
28904283041965
89337721257068
88761506353386
74586133439137

27908704499462
22750901258714
64169412835666
10613450753295
62074263041790
27338821289078
76851095394368
69495163138711

33079907444545
55969381579136
81183415726383
14012460962589
58904582041963
89227751537068
88761306232187
74386122429226

35709907444142
52969581279556
88185412736285
14013460963289
28904283041965
89337721257068
87561506653368
87486133439137

35709907444142
52969581279556
88185412736285
14013460963289
28904283041965
89337721257068
87761506353383
85486136439167

35709907444142
52969581279556
88185812736275
14013460963286
28904283041965
89337721257068
87161506353368
87486133439173

35079907047142
52969581249556
17185412736289
14013460963258
28904283241965
89337721057083
57761506353368
48486106439137

35709907444145
52969581279572
88188512736275
14013460963286
28904283041968
29337721257068
87161506353768
87486133439173

35079907047142
52969581249556
17185412736289
14013460963258
28904283241955
89337721057083
57761506363368
48486106439137

35709907144145
52969581279572
88188512736275
14013460963286
28904283041968
89337701257068
27161526353768
87486133439173

35509907441915
52969581299577
88188512736265
14013460963187
28904283041968
89337721257788
27161506253068
87486133439174

35705907047142
52969581249556
88185412736288
14013460963259
28904283241957
89337721057085
27161506363318
87486106439376

35789987441975
32909561299571
66166512730201
14813408903260
26984263841566
29337721257080
67161580353807
76400132839164

30059957441910
06929081699077
88188016732620
14513425923187
68954683541925
89337761607755
67121052603825
87482133439174

35045940470176
52969581279552
88185712036285
17413764963289
28947283271950
89330021450485
20161546363318
80786146739306

85765967647140
52909531249552
33135412780235
14618406908239
23964238241957
39887721657635
27101560808813
37430160489870

85065960670172
53929541379553
44145713082345
17618726928349
34967348371950
49880031650645
30121562828814
40742162789802

73643946556150
32909381259332
88183512670283
15417504901289
82945287251936
29776621436486
26101340707718
86580140579760

54604960630137
42979481239442
88184312057284
13615376979289
82963285231550
49550021640584
20171467575518
80387167359507

83743947667160
32909351269332
55153612780253
16418604901259
52946258261937
29887721437457
27101340808815
57650140689870

68408940430135
82959871239882
77178312065278
13416354959279
72943276231660
89660021480678
20151845656617
70375145369605

74682968608102
45929431509445
33134015872534
10617026929539
35960537501718
49778851648734
58121462727713
68032162079782

85647964634137
50979521039550
22125310487025
13618376979029
20963028031814
59884401654825
04171567878812
64327167389847

82402940430137
25979261539224
66162315087526
13418374979569
65943568531808
29880051420862
60171247878816
50367147389907

82352935365167
24979201469223
00102614587423
16318673979419
04936408461958
29885541325802
50171237878810
45607137698857

82432043493197
25070261590224
66162915387526
19418974070560
65049568591838
20883351423862
63171247878816
53967147980037

52762876706109
23848291308224
99192013654382
10715047848318
93870395301765
98556631726592
96141274545519
36094174508564

32862086896197
25070241590228
44142915637524
19813978070540
45089543591363
20336651826342
46171287373314
56947187930067

82672067697194
25040231590226
33132915784523
19618946040530
35069538591870
20887751627832
37141264848813
57934164980074

07537953563168
74929781469772
88187614302497
16510625929419
84956480461030
49003341573087
83121752020718
43682152409032

09479847437135
92868951238996
55159312706289
13410364868218
52843250231070
98007721497059
57161946060315
27356146208076

84670367657152
40323491053446
99194510782049
15618526323093
90365098051873
43887701647894
97121462828819
07592162583372

69470847707103
92838951208993
55159012763295
10416034838228
12840256201670
98667721497659
57131943636515
27053143068873

83460746456152
30727391057334
99193510682039
15418524727097
90745098051867
37886601436893
96121342828819
06592142587762

45630963301308
52989571209558
77175012348257
70614086989229
12960274201430
59443321653475
73181568484717
23078168049938

69470857708103
92838941207993
55159012763295
10416034838228
12840256201670
98667721497659
57131943636515
27053143068873

38650965509104
82949871205884
77178012534287
10613046949220
12960273201359
89335521685378
75141864343717
25074164039945

35890689906104
52646571205954
77175012934257
10813048646220
12680273201396
56339921859375
79141584343717
29074184036694

38650965509104
82949871205884
77178012534276
10613046949220
12960273201359
89335521685378
75141864343717
25074164039945

57340894408106
72868731204776
99197012456259
10315063868228
12830295201540
78554421374597
94161736565919
24096136058846

59370847708193
92868931207906
44149012756244
10315063868228
12830245201570
98557721397549
47161936565417
27046136058846

57346894408106
72868731204775
99197012456289
10315063868228
12830295201504
78554421374597
94161736565919
24096136058864

35923995163805
46295423862137
16071032795814
31427695130562
73998451362073
87081348824107
07247230941584
75952601662846

87346345603509
48419751621427
05192675177643
79825482038039
79384328392105
36601561924718
84215904785394
90427320153662

19826009436579
64289721742757
34513562189130
43021489365946
76887093642514
61573605720351
82401267803970
84289439014427

44035200819564
29308432793246
19621653208716
51432908156894
25007481593625
76971546734172
73642350841870
82398901243954

35714605024860
70175913901386
20832841375900
42613075248524
44779652401836
93892468916283
40163149762597
97745025631039

35714065624800
76175913961380
26832841375926
42013675248564
94779052461830
43892408910283
96103149702599
47745625031638

30524670714867
57250923972386
17831842350977
71623750148014
84559601472836
43891468926183
97263249561090
45540710632739

27834604014548
80387932903256
10521543287910
41632087145704
94889671403526
42591465936152
80362349861796
84876071723095

27536487826993
58357031483169
18912963157485
66031857269748
42554072683910
28942609430291
81301364502746
15570827713855


--- Final TOP 25 ---
27536487826993
58357031483169
18912963157485
66031857269748
42554072683910
28942609430291
81301364502746
15570827713855

00915840435668
84190712741276
34623651290734
43812490356048
75997803541625
52673587718362
94182156983078
49804430821429

27834604014584
80387932903256
10521543287910
41632087145704
24889671403526
92591465936152
80362349861796
84876071723095

27834604014548
80387932903256
10521543287910
41632087145704
24889671403526
92591465936152
80362349861796
84876071723095

27834604014548
80387932903256
10521543287910
41632087145704
24889671403526
92591465936152
80362349861796
84876071723095

27834604014548
80387932903256
10521543287910
41632087145704
24889671403526
92591465936152
80362349861796
84876071723095

27834604014548
80387932903256
10521543287910
41632087145704
24889671403526
92591465936152
80362349861796
84876071723095

27834604014548
80387932903256
10521543287910
41632087145704
24889671403526
92591465936152
80362349861796
84876071723095

27834604014584
80387932903256
10521543287910
41632087145704
24889671403526
92591465936152
80362349861796
84876071723095

27834604014584
80387932903256
10521543287910
41632087145704
24889671403526
92591465936152
80362349861796
84876071723099

27834604014584
80387932903256
10521543287910
41632087145704
24889671403526
92591465936152
80362349861796
84876071723099

27834604014584
80387932903256
10521543287910
41632087145704
24889671403526
92591465936152
80362349861796
84876071723096

27834604014588
80387932903256
10521543287910
41632087145704
24889671403526
92591465936152
80362349861796
84876071723095

27834604014588
80387932903256
10521543287910
41632087145704
24889671403526
92591465936152
80362349861796
84876061723095

27834604014588
80387932903256
10521543287910
41632087145704
24889671403526
92591465936152
80362349861796
84876061723095

27834604014588
80387932903256
10521543287910
41632087145704
24889671403526
92591465936152
80362349861796
84876061723095

27834604014584
80387932903256
10521543287910
21632087145704
44889671403526
92591465936152
80362349861796
84876061723095

27834604014584
80387932903256
10521543287910
21632087145704
44889671403526
92591465936152
80362349861796
84876061723095

27834604014584
80387932903256
10521543287910
21632087145704
44889671403526
92591465936152
80362349861796
84876061723095

27834604014584
80387932903256
10521543287910
21632087145706
44889671403524
92591465936152
80362349861796
84876061723095

27834604014584
80387932903256
10521543287910
21632087145704
44889671403526
92591465936152
80362349861796
84876061723095

27834604014588
80387932903256
10521543287910
41632087145704
24889671403526
92591465936152
80362349861796
04876061723095

27834604014588
80387932903256
10521543287910
41632087145704
24889671403526
92591465936152
80362349861796
04876061723095

27834604014588
80387932903256
10521543287910
41632087145704
24889671403526
92591465936152
80362349861796
04876061723095

27834604014588
80387932903256
10521543287910
21632087145704
44889671403526
92591465936152
80362349861796
04876071723395

