59489573572156
18938742841579
36710418260387
92506230573061
14298693752945
36471859419852
05632130140760
07996223867246

27536487826993
58357031483169
18912963157485
66031857269748
42554072683910
28942609430291
81301364502746
15570827713855

00915840435668
84190712741276
34623651290734
43812490356048
75997803541625
52673587718362
94182156983078
49804430821429

27834604014584
80387932903256
10521543287910
41632087145704
24889671403526
92591465936152
80362349861796
84876071723095

27834604014548
80387932903256
10521543287910
41632087145704
24889671403526
92591465936152
80362349861796
84876071723095

27834604014584
80387932903256
10521543287910
41632087145704
24889671403526
92591465936152
80362349861796
84876071723099

27834604014584
80387932903256
10521543287910
41632087145704
24889671403526
92591465936152
80362349861796
84876071723096

27834604014588
80387932903256
10521543287910
41632087145704
24889671403526
92591465936152
80362349861796
84876071723095

27834604014588
80387932903256
10521543287910
41632087145704
24889671403526
92591465936152
80362349861796
84876061723095

27834604014584
80387932903256
10521543287910
21632087145704
44889671403526
92591465936152
80362349861796
84876061723095

27834604014584
80387932903256
10521543287910
21632087145706
44889671403524
92591465936152
80362349861796
84876061723095

27834604014588
80387932903256
10521543287910
41632087145704
24889671403526
92591465936152
80362349861796
04876061723095

31257563497728
52041451983614
57839957601061
98763203247752
29146014324324
42054871589187
64508539660562
99119382143006

51464993280046
34521721863912
70638870951591
86093453420074
48129512342342
24572601768160
52756738995779
88118364156397

41503944275530
93821621704912
65047765981891
70594384325563
37129812432432
23862051607103
52680647998658
77117403182469

42501944385510
91632732804923
75048875962692
80594164135571
18239623413413
31673052708201
53760748996756
88228401263479

79967356223470
48603479076606
84715240951339
15980812815241
53243063742614
32674597306905
48817219218352
95100348921842

57444859311740
69733586497437
40928104682364
28654521528102
43103473901720
31790869347604
85529126125387
94036430712581

97223720406745
78135471089175
02810863823403
96579231974620
35234926506521
89025164183976
14051348248306
41673995574178

77223720406745
98135471089175
02810863823403
96579231974620
35234926506521
89025164183976
14051348248306
41673995574178

97223720406745
78135471089175
02810863823403
96579231974620
35234926506521
89025164183976
14051348248306
41673995574175

77223720406745
98135471089175
02810863823403
96579231974620
35234926506521
89025164183976
14051348248306
41673995574171

77223720406745
98135471089175
02810863823403
96579231974620
35234926506521
89025164183976
14051348248306
41673995574148

97223720406745
78135471089175
02810863823403
96579231974620
35234926506521
89025164183976
14051348248306
41673995574148

77223720406745
98135471089178
02810863823403
96579231974620
35234926506521
89025164183976
14051348248306
41673995574175

77223720406746
98135471089175
02810863823403
96579231974620
35234926506521
89025164183976
14051348248306
41673995744117

77223720406745
98135471089175
02810863823403
96579231974620
35234926506521
89025164183976
14051348248306
41673995573178

77223721406745
98135470089175
02810863823403
96579231974620
35234926506521
89025164183976
14051348278376
41673998574105

77223720406745
98135471089178
02810863823403
96579231974620
35234926506521
89025164183976
14051348278306
41673998574175

77223720406748
98135471089175
02810863823403
96579231974620
35234926506521
89025164183976
14051348278306
41673995544171

97223721406745
78135470089175
02810863823403
96579231974620
35234926506521
89025164183976
14051348248306
41673995574175

63061559923053
97318276457035
24792713016421
42804580291623
05315468493067
79138613947908
32842735261548
56987458825260

81354559919726
27308170487256
94791732630163
41564856193012
68238405492674
59325032947960
75141728103805
21086485218212

41034495861877
35127813546027
63865607123981
39403540219856
72512394387045
04176917836208
84967075215926
85234434924019

41034495861876
35127813546027
63865607123981
39403540219856
72512394387045
04176917836208
84967075215926
85234434924019

41034495861877
35127813546028
63865607123981
39403540219856
72512394387045
04176917836208
84967075215926
85234434924019

41034495861877
35127813546028
63865607123981
39403540219856
72512394387045
04176917836208
74967075215926
85234434924019

41034495861877
35127813546022
63865607123981
39403540219856
72512394387045
04176917836208
84967075215929
85234434924019

40134495861877
35127813546027
63865607123981
39403540219856
72512394387045
04176917836208
84967075215926
85234434924019

40134495861876
35127813546027
63865607123981
39403540219856
72512394387005
04176917836248
84967075215926
85234434924019

40134495861876
35127813546027
63865607123981
39403540219856
72512394387005
04176917836248
84967075215924
85234434924014

41034495861877
35127813546022
63865607123981
39403540219856
72512394387045
04176917836208
84967075215929
85234432924019

41034495861877
35127813546027
63865607123981
39403540219856
72512394387085
04176917836206
84967075215924
85234434924019

41034495861877
35127813546027
63865607123981
39403540219856
72512394387085
04176917836206
14967075215924
85234434924019

40134495861876
35127813546027
63865607123981
39403540219856
72512394387005
04176917836288
84967075215926
85234434924019

40134495861877
35127813546027
63865607123981
39403540219856
72512394387025
04176917836208
84967075215926
85234434924019

40134495861877
35127813546027
63865607123981
39403540219856
72512394387085
04176917836206
84967075215924
85234434924019

59398572574156
18928734831579
26710318460287
94506420572061
13498692754935
26371859319854
05624120130760
07996442867436

59498572573156
18928743841579
26710418360287
93506320572061
14398692753945
26471859419853
05623120140760
07996332867346

39298371375436
48918725824379
16740248560187
95306510371064
42598691735923
16274839249835
03615410420760
07996551867526

39298371375436
48918725824379
16740248560187
95306510371064
42598691735923
16274839249835
03615410420760
07996551867526

39298371375436
48918725824379
16740248560187
95306510371064
42598691735923
16274839249835
03615410420760
07996551867526

28389271274526
59819734935278
16750359460197
84206410271065
53489681724832
16375928358924
02614510530760
07886441967436

60209683685164
19039825921680
34817219547398
05674537683741
12509403865026
34281960210965
76435137127847
78004553948524

40309412418540
59029138935410
27156359876291
08467826412675
53809702148034
27315940350946
64728526536176
88407882971702

59390564567257
20940637032569
41628320718406
97581748564812
23790194657935
41362059329058
85147248238618
57991774016194

39298371375439
48918725824379
16740248560187
95306510371064
42598691735923
16274839249835
03615410420760
07996551867526

29197263264528
57937614715269
38650157480376
94208430263085
51497893624912
38165729159724
02834530510688
10998443786416

19597163162418
47937652754169
38640547280376
92108230163084
45297893612951
38564719549712
01832430450686
05998223786258

19497165160218
27957640742169
58623427083576
90138053165382
24097895610941
58462719429713
31850253243683
00198005786877

57178532539457
48728319814537
20346148906283
79560926532604
41978072359715
20134857147856
65029426416301
69570992803072

80208945947107
18058427821940
53416218736584
07963756945631
12708305497029
53241890210896
69357156126431
97003775834305

39298371375436
48918725824379
16740248560187
95306510371064
42598691735923
16274839249835
03615410420760
70996551867526

59479683619617
15735849541687
30812415902358
79620932683201
14975073869746
30481567417566
36030132142852
97242993508400

97479362368134
19729648941367
20615419805296
78350825362501
14879072638743
20461937417935
53028125145601
58370882906045

16269174178315
39649728923176
40735239805497
68150845174503
32869064718621
40273916236915
51048345325702
58660884907082

36268374379138
18648729821376
40715218905487
69350945374501
12968064739623
40271836216835
53049145125702
59660994807095

96063452453147
19629503901450
28517019387295
63478327452781
10369862543604
28051946016943
74823127107558
77668332981086

59296543547158
16936427621549
38410216780364
97508730543081
12796893457925
38241659219657
05837130120480
04989773684282

35397965168452
47917638734567
10642347802176
98520812561204
43897091658935
10364759349752
25018412432602
88990881706309

58189572574356
39829714913578
26730139460297
84506420572063
31489682754815
26173958138954
05624320310760
07886442967416

58189572574356
39829714913578
26730139460297
84506420572063
31489682754815
26173958138954
05624320310760
07886442967416

29498271275326
38918745843279
16730438560187
95206510271063
34598691725942
16473829439825
02615310340760
07996551867546

29498271275326
38918745843279
16730438560187
95206510271063
34598691725942
16473829439825
02615310340760
07996551867546

58189572574356
39829714913578
26730139460297
84506420572063
31489682754815
26173958138954
05624320310760
07886442967416

74492163165219
27937645742167
38620427580376
95108530163082
24597893615941
38462719429715
01835230240680
00998553786548

47670342341538
50720461065341
29458650198204
71389128342895
56170972431763
29645037657031
83921528568499
84779112036547

95584693192438
46816952654392
10947546207169
82370217391704
45286081932853
10594638548632
63012417457900
77880221364457

27478293295124
18738945841297
36910418560389
75206530293061
14578673925742
36491827417825
02635130140960
08776553869640

10206193195416
46036925624190
38947246587369
05178537193784
42506803915021
38294610240615
71835437427987
77008553689822

58027853251429
49839501904251
37546049176395
41267136253674
80189783521802
37054928048921
62731436406574
66887113995076

43576401402348
39719052953402
16038539268190
72486218401863
35279671042754
16503947537942
84612318358065
58776221977306

33082054351239
26846501602358
49527026197465
81379147354796
20186984531803
49052638028631
73941247207559
27889114671029

79677153154210
27933564762154
38520627480375
94108430153082
26497893514961
38652719629714
01834230260528
04998443795686

84093652451345
38928501803457
27536038176287
91467126452673
30198792541904
27053849039840
64721326306531
16997112681057

46960243245127
10630495091246
37418910578304
65287538243871
19560763425692
37941026916025
62735138198471
88365753084799

01679492194313
30720964063197
28935630485207
74158425192583
36470872914761
28693017637014
51824325365985
55778442009368

53891642345139
17927485781347
26410817560274
95306520342061
18597692435983
26841739819732
03625120180469
00396552878046

22591413219729
78938156857214
34170578640381
76204630213048
95698493126952
34517829579826
02436730750147
00194663481475

09792143146219
60930476072140
38425720685304
96158635143582
27690893416971
38842019729016
51736235275484
15718663084978

09690143147218
20930467062149
38425620785304
97158735143582
26790893417961
38642019629017
41837235265428
55598773604680

72691843245128
17937465761249
38410617580374
95208530243081
16597893425962
38641729619725
02835130160478
40289553708846
