14461632459440
10871101471313
89225808957958
97601334816215
19676128921375
77864268065647
69382219639231
67441205168344

14411632259430
10871101471413
89220808957958
97651334516215
19671628921375
73824228065647
69786619639431
67441205168324

02939375327300
31959063510502
62850515574490
12207976873614
68730228921148
66298128065264
84281791439770
75513339299109

16295131795082
67767122130468
38988346500390
28435189812442
50131282897975
42103022619405
03173070830114
44464572046159

02939375327330
31959063510502
22850515574490
12207976373614
68730228921148
66298128065246
64281791439430
75513339698329

14411632485430
10871001478313
49220809587258
97658334370511
19671629921375
73124208265647
63786629639431
67441105168323

14411632485430
10871001078373
49220009587258
97658324376511
19671629921375
73824228265647
63786629639431
67441105168324

02339657327338
31959033510582
62850515574490
62207976373614
61730328921148
86298198065146
64281791438770
75513334291909

03779765734770
71959067510503
63250515548890
63304946747618
21370332931188
26392192065386
68321491872440
46512778391909

02339652323738
31959033510482
92850515574590
62207976373614
61730328921648
86298198065146
74281791428770
65513334298109

10835743626300
02863744610609
14260118695079
42849379398315
97207243828157
45237130406243
65268391587443
49617195239903

53896024934955
15849022415457
12845118476507
23327970978916
70350329838160
26390159254329
46348971680629
27410176397759

02339652323738
31959033510482
92850515574591
62207976373604
61730328921641
86298198025164
74281791468770
65513334298109

53860929444955
15849022315458
12845118476507
23027970978910
70350329838166
26390159254329
46348972680629
27410716397759

28339658383734
31959233512048
98452515570591
68827976373620
61732384981601
46894194285160
70841791064772
65513330894129

79229531212820
26139728367407
41037323884391
51178965212564
56820210986456
04170690753845
18306894610687
54362224190979

65004181991976
63791388536466
83796437920642
05482120127134
28564581757300
84014381869584
95507126084081
82934230125061

68004121991956
63591322836466
23596435970647
08427170175134
72864821585340
24814321269820
90805176024012
27934730178061

76262581212420
63106724837907
91887828494861
54174615212539
53210210643953
09170360758495
15803469310347
49832229160676

83004121991456
66519322836696
23591435970647
08427170175134
72864821585320
24814327269820
99805116042012
27934730177061

37272585842620
74107326823901
91883828696873
56136715212549
54210210764954
09130470358695
15804679410463
69482229170737

98004531661678
85761133958178
35768557620842
09432120127150
23984913797544
34914536386930
29007126014011
23654210324083

98004131664678
85761533958878
35768557620142
09432120127150
23984931797544
34914536386930
29007126014013
23654210342081

98004133661678
85761913958178
35768557620842
09432120127150
23984913797544
34914536386930
29007126014013
23654210324081

89001141663679
95731544850962
45769557629139
02342120127150
84893841787533
43813856496844
28007116013014
25663210132091

98052133441478
85741913958178
35748557460826
09236160167750
63982913797592
32912534384930
69007164012013
63452610362081

28001141663678
85731544250869
45768557698138
09349190197150
24283241727533
43213256486244
92007116013014
95663910139081

78904133221268
89621713798168
39628996250845
07435150156690
57784713676974
34714932382733
57006152014018
53294510454281

75601131974982
56841633960595
36895668925145
02432120128160
73254731878644
34717468359733
27008119014013
26994200142051

85601171284293
56941677260525
76925669235145
03473130139160
87854871989644
74814829752877
38009112014017
36224308143051

45601171948932
56381677960595
76395663925185
02872120123160
47258471343688
78414863759477
24003119018017
26998200182051

48773155221268
80621415478168
07628776290839
54359190196670
94583415646743
53413752582455
94006192013018
95273910393281

45601171948935
56381677960592
76395663925185
02872120123160
47258471343608
78414863759477
24003119018017
26993200182351

83047155221266
39621815873163
07623776290349
58459190196760
98534815686784
54814752532855
98006192014013
95874910494831

77443155221287
70821615647187
64827448290739
50359190198840
96573615868465
53613452572653
99008192013017
95243910393271

45673151948935
56381677960592
76395663925185
02872120123160
47258471343608
78414863759477
24003119018017
26993200182351

48662173001084
46801917964183
94804668053427
13275193615865
99242715898697
72912620740972
55338150312314
50762513235041

98500184196408
85061577453842
75048550428168
32672123120153
97286971090536
76919650784977
29340914316312
25432133162091

63046177521599
30921517563193
09923669280348
88478170189697
35734518559650
74514682732574
98009472014013
87768110484531

84038199521566
40621519584164
76624886270437
07397190176869
45943517556850
93513872942591
67006392013014
79987110373541

85038199941266
50641212285165
06645886470537
77397190176869
52923217226820
93213874954293
67006394013015
79987110373251

84038177621999
40921617684194
54924889250433
09375170159897
56743615669860
73163852742671
95009372013014
57785110353641

08058199521374
64721319384174
07624887260455
87796190617879
81945316337831
55315862942390
67007592015014
69986110565341

03041188951777
39759218493123
97753957560344
03686180617978
92834216227921
74214965835280
67007485014013
68896110464231

68058199921374
04721315384174
07624887260455
87796190617879
81945316337831
55315862942390
67007592015014
69986110565341

03041188451727
39759215493173
97753957560378
93886180617944
72834216227921
24204965835280
67107485014013
68896110464231

59471186731305
51369018795135
42365963624572
94382184213938
03857012003901
37017976856086
23443286417415
28892114627051

03041188451727
39759215493173
97753957560378
91186180617944
72834216227921
24204965835280
67107485014013
68896110464231

56708199921456
83621410485166
76025886237500
78693197316816
01950413496849
90410832452497
36776092710715
39983117130451

47068199921753
35321716785133
03625883240566
08394190413813
61956714793879
46716842752790
93003692016015
44984110146751

55731184221536
79529612398156
98528925207854
91140147015933
56483610665961
63673902482647
05175342713718
04490117303681

53468199921073
07321016087133
43627883254766
48395194513813
61976015093809
56016852072094
93443692416417
55985114156071

60352199241780
78041715728100
30548220463855
32096193610210
51985716790279
65715264784793
00330594315318
66926113165781

63621199481753
75381712745133
03885443860522
04396190613410
21952716793479
62712468758794
53003298012015
66456110162751

65237199741085
08541013078155
25348775462833
27596192615715
31983016095709
63013764084093
55225394213218
66976112163081

73451199921083
07326015068133
43528663274855
46397194713613
51985017093609
75015672082094
83443592415418
77967114175081

73456919521803
70321015068133
43528663274855
46397194713613
51985017093609
75015672082097
83443592415418
77967114175281

88965191521053
76312015068135
43528663274858
46397194713616
51985017093604
75015652082099
89443792415418
77917114170081

61850181021960
85321910956133
43026553274606
45387184713514
01860917783595
70910522962988
63443780410416
72837114179961

88925191561054
72416015028145
34568224673858
32497193714212
51985017094203
75015256086099
89334796315318
77917113170081

66945191521875
04712815846175
37526447203656
34790193017414
51965810897483
05815452862899
69337092315316
00910113108861

99720171061405
82916410429150
35069225683909
32578173815212
01790418475243
80420206496477
97335876310319
88718113184491

61549151981069
54381019046133
23986443872696
24357152713412
91569017753404
79019488068055
63223759219216
78537112170061

99054101461247
85916214259174
37469557683949
35708103817515
41094218207523
84254546296200
90337806314319
88018113182291

22030101541875
93714815832175
67542337496252
63709106917313
51025819807386
95815354824800
20667904615612
99019116198821

41526151681746
52081716724100
30684220893464
32059153910213
61546719950272
96716288748755
40330956316314
98509113197741

22030101741657
93514617632157
85742335498272
83509108915313
71027619605368
97617374624600
20885904817812
99019118196621

23038801541875
92714815832172
76542337496253
63709106917315
51025218807386
95815354924800
20667904615612
99019116198821

23030101741657
92514617632157
85742335498272
83509108915313
71027619605368
97017374624600
20885904817812
99019118196621

23001601451674
52715614632172
78452337598243
83709108917314
91024219607368
24614345925600
40887905814812
99819118196621

31394131481107
72081614627060
50487220895747
52039135910215
91374612960262
44614288378634
90550963514517
97309115196671

23001601451674
52715614632172
78452337598243
83709108917310
91024219607364
24614375925600
40887905814812
99819118196621

31394131481107
72081614627060
50487220895747
52039135910215
91374612960262
94614288378634
40550963514517
97309115196671

28000801521653
82314215684135
37542883497229
78309107913818
91025219603866
26515854924600
20773904715712
44779117196621

61694161471103
32071514523059
80473220798343
82069168910218
91634512950252
94514277637564
40880956814813
77609118195531

71794171451103
32051614623090
80453220538343
82079178910218
91734612960262
94614255735674
40880927814813
54709118196631

28000701521753
82314215782135
39542883469226
98306109613818
61025216703877
27515844624700
20993605915912
44996119167721

31364131451108
82051714728460
90458220569808
92036139210219
81384716670272
64714255385734
24990623914918
52306169167781

72746151321106
61051813856046
90356220549634
92074197210219
41763814480282
73813255765873
35990327513916
03784499148861

28009701321739
82916213782193
95362889645224
58904105419818
41023214709877
27313866426700
20559403513512
66554115147721

28080601321634
82417213682143
49372884759235
98405109514818
51023215604866
26313877527600
20994503913912
47995119156621

26648401321348
92016213492183
95362998675227
59807105718914
91023217408942
23413966726400
20558703513512
66587115174421

29068401321438
92196213492186
85362998675237
59807105718919
71023217408942
23453966726400
20158703513521
66587115174412

29075401321435
92197213492157
56372995786238
69508106815919
81023218405942
23463977827400
20165803613621
77658116184412

26380601421573
62517514562134
09472663789248
96308209813616
81024118503655
25414677827500
20793804914912
37928119185521

29075401321475
92197213492153
56372995786238
69508106815919
61023218405942
24363977827400
82565803613621
77618116084412

28805401321465
72162613482153
57362885697239
78509107915818
71023219405842
24373866926400
92575903713721
66719117094412

